Game: 1000
Max Score: 365
mavg_score: [76.86, 75.54, 79.3, 94.22, 98.26, 111.88, 135.02, 154.56, 174.38, 198.34, 184.72, 214.24, 214.2, 201.7, 215.18, 217.66, 202.76, 224.72, 229.86]
var_score: [235.62039999999996, 232.40839999999992, 242.25, 743.5716, 908.9924000000001, 1267.2255999999998, 2381.0196, 2312.7264, 2873.7156000000004, 4733.6644, 4291.721600000001, 1896.5024000000003, 1687.6400000000003, 1131.13, 1588.3076, 1177.8244, 1111.2623999999998, 1383.0016, 671.3203999999998]
mavg_ammo_left: [12.4, 12.6, 11.3, 9.76, 9.48, 8.76, 6.6, 5.72, 6.18, 5.32, 5.32, 1.16, 1.56, 0.22, 0.84, 0.48, 0.04, 0.34, 0.18]
mavg_kill_counts: [1.1, 0.96, 1.58, 2.82, 3.62, 4.78, 6.86, 9.12, 11.34, 13.74, 12.78, 15.44, 15.78, 14.76, 16.4, 17.22, 14.84, 17.68, 17.68]
