Game: 1000
Max Score: 319
mavg_score: [78.81, 79.34, 82.2, 90.54, 100.76, 95.64, 110.3, 118.0, 129.34, 175.74, 204.3, 220.38, 209.48, 220.26, 198.22, 184.9, 186.58, 199.64, 201.42]
var_score: [215.2739, 259.2244, 249.64, 645.6084, 817.5823999999999, 1078.9104, 2031.05, 1982.36, 2475.3444, 2529.1524, 2735.65, 2598.9156, 1767.9296, 2412.6724000000004, 2825.1715999999997, 2709.57, 1623.7636000000002, 1740.4304000000002, 2262.4836000000005]
mavg_ammo_left: [11.49, 11.32, 11.02, 9.94, 8.24, 9.38, 8.08, 8.78, 7.56, 3.6, 1.9, 0.84, 0.64, 0.94, 1.66, 1.5, 0.9, 1.32, 1.66]
mavg_kill_counts: [1.19, 1.18, 1.54, 2.52, 3.6, 3.84, 5.32, 6.38, 7.12, 11.96, 14.48, 15.28, 14.62, 16.18, 14.9, 12.94, 12.8, 14.18, 15.12]
