Game: 1000
Max Score: 355
mavg_score: [80.24, 84.2, 82.28, 85.54, 94.94, 107.24, 110.7, 120.26, 129.52, 154.2, 183.04, 190.12, 180.46, 186.28, 200.32, 199.64, 200.74, 205.6, 217.26, 206.18]
var_score: [313.58239999999995, 287.04, 362.68159999999995, 419.56839999999994, 542.0964, 190.34240000000003, 622.53, 1182.7124, 1781.4496000000001, 2448.5200000000004, 2050.8384, 2863.9056, 3208.3284000000003, 2627.3615999999997, 2835.1375999999996, 3133.2304, 2747.5124, 4176.56, 3296.2724, 2547.0276]
mavg_ammo_left: [11.52, 10.46, 10.78, 10.4, 9.02, 8.54, 9.28, 8.0, 8.34, 6.8, 4.04, 4.98, 6.36, 5.4, 3.88, 5.34, 3.44, 4.16, 3.18, 4.48]
mavg_kill_counts: [1.44, 1.52, 1.66, 1.74, 2.36, 3.28, 3.72, 4.88, 5.92, 8.42, 10.44, 11.82, 11.36, 11.94, 13.0, 12.8, 13.46, 13.76, 14.62, 13.86]
